mmax= 5
m-states: all states (FBR)
Nr. of sites: 150

0.0  74.99999999999943 0.0033333333333236403 
0.01  76.51544206948864 0.0034680256254173703 
0.02  78.08383696949228 0.0036074733244005897 
0.03  79.70820867046808 0.003752060624588549 
0.04  81.3919103381409 0.0039022039510008266 
0.05  83.13852383073875 0.004058343838961975 
0.06  84.95189418835565 0.004220948349334619 
0.07  86.83616858769078 0.004390516883161388 
0.08  88.80004916055081 0.004563068366855827 
0.09  90.84199821782362 0.004746817816854709 
0.1  92.97398175149958 0.004939523212033947 
0.11  95.19578506915866 0.005141066088868107 
0.12  97.51643657527671 0.005352492493187366 
0.13  99.94303990666072 0.0055745850320545465 
0.14  102.48329872832228 0.00580820092006662 
0.15  105.23445500441899 0.006068042700509868 
0.16  108.25811083591137 0.0063644460182813445 
0.17  111.280044748774 0.00665327602750132 
0.18  114.47347699341007 0.006961311224787603 
0.19  117.85503275615122 0.007290675631719812 
0.2  121.44239982291408 0.007643619868417106 
0.21  125.25590176788035 0.00802274571579964 
0.22  129.32004248053303 0.008431237213001319 
0.23  133.65959687308475 0.008872268303674824 
0.24  138.3065218616663 0.009350034870337365 
0.25  143.29538515357552 0.009869049767769034 
0.26  148.77389092495304 0.010413164491678284 
0.27  154.613087441562 0.011030171632707364 
0.28  161.0327781308305 0.01172588510600836 
0.29  167.9659521087843 0.012481046475122382 
0.3  175.54955906373988 0.013318146077471282 
0.31  183.89767696290224 0.014253788231162523 
0.32  193.14031033291997 0.015305711951895007 
0.33  203.42575928529882 0.016495816192605983 
0.34  214.94190479476433 0.01785031619162747 
0.35  227.93957903371304 0.01940581916968709 
0.36  243.4816621261543 0.02135338351392535 
0.37  260.9031997398728 0.02355404386515625 
0.38  281.3068870138478 0.02620716737938955 
0.39  305.3284700714724 0.02938938089820131 
0.4  335.08914741646635 0.033570077838228074 
0.401  338.3596406244448 0.034027386958874195 
0.402  341.70236671729447 0.03449651951165822 
0.403  345.09606829664983 0.03497249622853482 
0.404  348.574292225288 0.03546271962529812 
0.405  352.13383250199337 0.035965952333683826 
0.406  355.7698005442583 0.03648167176479167 
0.407  359.49117302524513 0.0370115563690393 
0.408  363.29656651679176 0.03755465029308469 
0.409  367.1896052604093 0.03811214513937511 
0.41  371.13826300084986 0.03867741866310148 
0.411  375.2171033854775 0.03926529013384594 
0.412  379.40023511766987 0.03987088935644223 
0.413  383.6822498725835 0.04049233423168108 
0.414  388.0716795124978 0.04113154313251688 
0.415  392.5721726328449 0.0417891629427154 
0.416  397.31806185968094 0.04249297877773728 
0.417  402.6091245572097 0.04330803780895043 
0.418  406.9382063881157 0.04391296188692473 
0.419  412.50399888203594 0.04477679635946974 
0.42  417.07979426608995 0.04542119308909942 
0.421  422.35722061135283 0.046209219690490966 
0.422  427.7661078853438 0.04701958579842325 
0.423  433.3626597489012 0.04786267628317087 
0.424  441.1836096592339 0.04914962770834064 
0.425  447.30274827037863 0.050098781610358745 
0.426  453.5203998236783 0.05105883276741818 
0.427  459.92563920466364 0.05205140220220894 
0.428  466.53268130812836 0.05307905376451305 
0.429  473.35335991785865 0.05414482639186757 
0.43  480.390107035368 0.055249853576722296 
0.431  487.6647040845372 0.05639740682150096 
0.432  495.1824059329209 0.057589028259436126 
0.433  502.95794700415416 0.05882723193297057 
0.434  511.0078738341633 0.06011544153457504 
0.435  519.3435143233976 0.061455789077569656 
0.436  527.984703256553 0.06285215097020391 
0.437  536.954227433297 0.06430752878195622 
0.438  546.2534393064086 0.06582472653023219 
0.439  558.4485818198608 0.06821141453578572 
0.44  568.7870424055009 0.0699551001453027 
0.441  579.4943811116897 0.07176515741884826 
0.442  590.6073454235789 0.07365209994821798 
0.443  602.2098664265851 0.07563485494446476 
0.444  614.308482131297 0.07771358722028077 
0.445  626.9633672510057 0.07990177023757539 
0.446  640.2003184225435 0.08220420915297277 
0.447  654.0742236363197 0.08463110205480318 
0.448  668.6171854499139 0.08719225674234354 
0.449  684.183963716546 0.08997325792256461 
0.45  699.9495014241971 0.09276531399621712 
0.451  717.1766529529225 0.09587964722094722 
0.452  734.6361417681554 0.09900869478004681 
0.453  753.8376449570853 0.10252476848561631 
0.454  775.3858996624742 0.10660139046347994 
0.455  797.5667618723379 0.110861472888373 
0.456  824.553024684059 0.11612642219666836 
0.457  849.5693358936439 0.12089074160815783 
0.458  875.4732696598347 0.12580343851453857 
0.459  903.5767846320374 0.1311894950024015 
0.46  933.7369858036855 0.13700589300178334 
0.461  966.9835220688751 0.14350830857314445 
0.462  1002.1314020585789 0.1503717448001639 
0.463  1043.5829673490089 0.15893452963380783 
0.464  1085.224732627763 0.16719192862293786 
0.465  1133.711573538603 0.1773358926779175 
0.466  1183.2953492045585 0.1872155455917054 
0.467  1243.9833457371715 0.19977497484967888 
0.468  1303.21186696316 0.21134802433508637 
0.469  1370.539012105063 0.2244805792923561 
0.47  1447.861277500746 0.23950722032913918 
0.471  1531.5697934016862 0.2553328500219547 
0.472  1636.2557163014897 0.27552457827418486 
0.473  1749.422814107657 0.2960117361404727 
0.474  1867.9729240915701 0.31607796975467584 
0.475  2006.830181974573 0.3386389130701456 
0.476  2156.8337815660507 0.3614161381580647 
0.477  2331.344042283839 0.3863413944244901 
0.478  2523.898339368789 0.4115382778570612 
0.479  2723.486210471517 0.4351629076650503 
0.48  2948.518854288052 0.4596333847636751 
0.481  3183.9275622707496 0.4826990551917525 
0.482  3428.682411972201 0.5042500242292538 
0.483  3677.413685306712 0.5238647266620602 
0.484  3925.892838306227 0.5414361225764204 
0.485  4170.180724639485 0.5569467972623923 
0.486  4405.160518763184 0.5703458846510612 
0.487  4627.836616259619 0.5817807350551019 
0.488  4833.578651235263 0.5912821950877584 
0.489  5022.543608373505 0.599163442795602 
0.49  5212.643272531134 0.6065323683777981 
0.491  5380.206851229788 0.6123302353484317 
0.492  5527.593319261232 0.6168810572090093 
0.493  5677.922132153603 0.62129640314705 
0.494  5810.846193730954 0.6247821133330537 
0.495  5936.722569337664 0.6278358799701054 
0.496  6053.58052905665 0.6304331582439272 
0.497  6161.5998424585705 0.6326365867263462 
0.498  6270.3108981301475 0.6347672752058646 
0.499  6368.635556271745 0.6365059823003801 
0.5  6463.752160840729 0.6380963070686687 
0.501  6554.72132817518 0.6395239307310788 
0.502  6640.527864230956 0.6407793756230867 
0.503  6724.420453567905 0.6419515122644941 
0.504  6805.2327307761725 0.6430209780094783 
0.505  6880.002060201185 0.6439419032966155 
0.506  6959.85824422987 0.6449295272780793 
0.507  7032.764623001512 0.6457604224323039 
0.508  7102.366930894403 0.6465101310591191 
0.509  7170.881226566472 0.647223076115828 
0.51  7238.823913157921 0.6479120148521833 
0.511  7303.745453366782 0.6485389891616068 
0.512  7365.420376035252 0.6490969803317812 
0.513  7426.69992781966 0.6496386181402425 
0.514  7486.474555666732 0.6501481554550215 
0.515  7544.787315163821 0.6506278580225069 
0.516  7601.710635637599 0.6510802011787019 
0.517  7657.316765002312 0.6515074786279673 
0.518  7712.250545156195 0.6519188086807197 
0.519  7764.851995745401 0.6522949441934726 
0.52  7817.377227544713 0.6526642279888586 
0.521  7867.795595286632 0.6530035473561581 
0.522  7918.152541556107 0.6533369819634276 
0.523  7966.585238815915 0.6536446517364576 
0.524  8014.515993772417 0.6539427416697795 
0.525  8061.542160531115 0.6542273302464017 
0.526  8107.677160143104 0.6544992172520451 
0.527  8153.46791144682 0.6547643030957011 
0.528  8197.97254135839 0.655013497839412 
0.529  8241.149395248147 0.65524687467131 
0.53  8284.424392921974 0.6554787076407073 
0.531  8326.290492509268 0.6556950891330708 
0.532  8367.801651564034 0.6559059654801905 
0.533  8408.644572198444 0.6561087970811975 
0.534  8448.8189316093 0.6563039250029834 
0.535  8488.853181365494 0.6564969872995421 
0.536  8528.058432201573 0.6566840465552946 
0.537  8565.920766980655 0.6568538291200505 
0.538  8603.652954936331 0.6570214501458378 
0.539  8641.380747242934 0.6571896703091267 
0.54  8677.593410846168 0.6573421629163376 
0.541  8713.689160327916 0.6574928187365111 
0.542  8749.28756621984 0.6576386144867823 
0.543  8784.390229056296 0.6577796659280508 
0.544  8819.012196865291 0.6579162010203002 
0.545  8853.163095301261 0.6580484063195257 
0.546  8886.864673358874 0.6581765393411141 
0.547  8920.12499120529 0.6583007587376516 
0.548  8952.955485346001 0.6584212381104828 
0.549  8985.367380215097 0.6585381414167049 
0.55  9017.371570067735 0.658651629412818 
0.56  9317.093582524369 0.6596268092559953 
0.57  9585.135725208422 0.6603798223492787 
0.58  9828.568275235812 0.6609834271709134 
0.59  10051.020675592868 0.6614757521813615 
0.6  10255.440516289482 0.6618823601429493 
0.61  10445.379879833654 0.6622279834408682 
0.62  10622.032271318982 0.6625223983617347 
0.63  10787.51095607162 0.6627769633196019 
0.64  10943.212728482677 0.6630013714613319 
0.65  11090.01424553027 0.6631981093413319 
0.66  11228.962311339768 0.663372957767058 
0.67  11360.887435464452 0.6635298213972738 
0.68  11486.526093860033 0.663671864806537 
0.69  11606.2690463793 0.6637997671556535 
0.7  11720.703630898111 0.6639162065612054 
0.71  11830.368661299395 0.6640228675461043 
0.72  11935.528836093377 0.66412075259424 
0.73  12036.636898619941 0.664211129029693 
0.74  12133.924652780748 0.6642947048324538 
0.75  12227.685460840023 0.6643722927364181 
0.76  12318.153668597533 0.6644445444234806 
0.77  12405.577697957962 0.6645120031863441 
0.78  12490.179196158288 0.6645753957674093 
0.79  12572.043767044364 0.6646345563569 
0.8  12651.443309779565 0.6646903690511685 
0.81  12728.394403538508 0.6647426623363439 
0.82  12803.129286978723 0.6647921506689265 
0.83  12875.755759488808 0.6648389763251342 
0.84  12946.381870400723 0.6648832898745316 
0.85  13015.132758714219 0.6649253358020186 
0.86  13082.057324407731 0.6649653209566815 
0.87  13147.329086574757 0.6650034714096447 
0.88  13210.953394296532 0.6650397726041697 
0.89  13272.937882547218 0.665074261697883 
0.9  13333.594763777959 0.665107399388054 
0.91  13392.728786659009 0.6651389715706203 
0.92  13450.568375197263 0.6651692535373458 
0.93  13507.119703159406 0.6651982828175753 
0.94  13562.439679235466 0.6652261427093307 
0.95  13616.576556873746 0.6652529027229733 
0.96  13669.581136669796 0.6652786312829295 
0.97  13721.495942026793 0.6653033887277356 
0.98  13772.36420944584 0.665327231762754 
0.99  13822.258906025225 0.6653502391837104 
1.0  13871.150320755072 0.6653724059434367 
