mmax= 5
m-states: all states (FBR)
Nr. of sites: 150

0.1 -0.8167217246248306
0.15 -2.1080195382058307
0.2 -3.7666469607222375
0.25 -5.926007269445154
0.3 -8.611625100571178
0.35 -11.86265414700508
0.4 -15.742092240785073
0.45 -20.364412371993065
0.5 -26.024830576909512
0.55 -32.775880306139115
0.6 -40.1638539333981
0.65 -48.0181983011444
0.7 -56.24022465645308
0.75 -64.76534475870045
0.8 -73.54777516751561
0.85 -82.55336238189014
0.9 -91.75565562946929
0.95 -101.13359005577058
1.0 -110.66998618889946
1.05 -120.35055307354766
